Min:     -575.800018311
Q1:      -9.79999
Q3:      10.5
Max:     576.899978638
Mild:    -40.249975	40.949985
Extreme: -70.69996	71.39997
