Min:     -401.499984741
Q1:      -5.10004
Q3:      5.39999
Max:     404.999992371
Mild:    -20.850085	21.150035
Extreme: -36.60013	36.90008
