Min:     -658.499984741
Q1:      -25.8
Q3:      29.1
Max:     1013.89998817
Mild:    -108.15	111.45
Extreme: -190.5	193.8
