Min:     -637.800003052
Q1:      -19.0
Q3:      23.2422
Max:     729.100013733
Mild:    -82.3633	86.6055
Extreme: -145.7266	149.9688
