Min:     -485.512000732
Q1:      -46.6766
Q3:      52.824
Max:     938.825995479
Mild:    -195.9275	202.0749
Extreme: -345.1784	351.3258
