Min:     -975.100021362
Q1:      -35.0
Q3:      28.6
Max:     719.250030518
Mild:    -130.4	124.0
Extreme: -225.8	219.4
