Min:     -1135.30001831
Q1:      -48.7
Q3:      41.55
Max:     792.900024414
Mild:    -184.075	176.925
Extreme: -319.45	312.3
