Min:     -825.999987602
Q1:      -13.65
Q3:      15.9301
Max:     729.100013733
Mild:    -58.02015	60.30025
Extreme: -102.3903	104.6704
