ENABLE/Green roofs/DATA/kernel_density_weights.txt
north: 6656240.00337642
south: 6651387.34248308
east: 284845.30887641
west: 280003.96065565
rows: 485
cols: 484
[rows 228 to 246 of 485, columns 172 to 214 of 484]
0.0002232666683284 0.0002274012810238 0.0002315498150638 0.0002357102597625 0.0002398805582804 0.0002440586090401 0.0002482422672283 0.0002524293463836 0.0002566176200684 0.0002608048236231 0.0002649886560026 0.0002691667816923 0.0002733368327019 0.0002774964106356 0.0002816430888353 0.0002857744145963 0.0002898879114512 0.0002939810815198 0.0002980514079231 0.0003020963572565 0.0003061133821216 0.0003100999237098 0.000314053414438 0.0003179712806297 0.0003218509452395 0.0003256898306162 0.0003294853613014 0.000333234966858 0.0003369360847259 0.0003405861631 0.000344182663825 0.0003477230653043 0.0003512048654173 0.0003546255844403 0.000357982767967 0.000361273989823 0.0003644968549705 0.0003676490023973 0.0003707281079862 0.0003737318873587 0.0003766580986899 0.0003795045454882 0.000382269079336
0.0002240612575251 0.0002282105849945 0.0002323738833535 0.0002365491347605 0.0002407342750556 0.0002449271951821 0.0002491257426936 0.0002533277233471 0.0002575309027814 0.000261733008277 0.0002659317305997 0.000270124725923 0.0002743096178289 0.000278483999386 0.0002826454353 0.0002867914641372 0.0002909196006164 0.0002950273379679 0.0002991121503552 0.0003031714953576 0.0003072028165105 0.0003112035458989 0.0003151711068018 0.0003191029163832 0.000322996388426 0.0003268489361056 0.0003306579747976 0.0003344209249169 0.0003381352147836 0.0003417982835108 0.00034540758391 0.0003489605854106 0.000352454776987 0.0003558876700904 0.0003592568015795 0.0003625597366453 0.0003657940717263 0.0003689574374076 0.0003720475013005 0.0003750619708967 0.0003779985963928 0.0003808551734802 0.000383629546095
0.0002247978549783 0.000228960823289 0.0002331378084183 0.000237326785891 0.0002415256847614 0.0002457323890393 0.000249944739202 0.0002541605337933 0.0002583775311062 0.0002625934509499 0.0002668059764986 0.0002710127562204 0.0002752114058851 0.0002793995106483 0.0002835746272099 0.0002877342860441 0.0002918759936996 0.0002959972351656 0.0003000954763019 0.0003041681663298 0.0003082127403803 0.0003122266220964 0.0003162072262861 0.0003201519616225 0.0003240582333864 0.0003279234462489 0.0003317450070887 0.0003355203278406 0.00033924682837 0.0003429219393713 0.0003465431052823 0.000350107787213 0.0003536134658829 0.0003570576445622 0.0003604378520119 0.0003637516454188 0.0003669966133196 0.0003701703785101 0.0003732706009338 0.000376294980546 0.0003792412601469 0.0003821072281813 0.0003848907214974
0.0002254758709174 0.0002296513952148 0.0002338409786071 0.0002380425905131 0.0002422541537408 0.000246473545918 0.0002506986010087 0.0002549271109167 0.0002591568271739 0.0002633854627121 0.0002676106937178 0.0002718301615664 0.0002760414748368 0.0002802422114011 0.0002844299205898 0.000288602125429 0.0002927563249466 0.0002968899965463 0.0003010005984447 0.0003050855721697 0.0003091423451163 0.0003131683331569 0.0003171609433023 0.0003211175764098 0.0003250356299344 0.0003289125007192 0.0003327455878219 0.0003365322953712 0.0003402700354508 0.0003439562310055 0.0003475883187654 0.0003511637521828 0.000354680004379 0.0003581345710936 0.000361524973634 0.0003648487618193 0.000368103516913 0.0003712868545408 0.0003743964275886 0.0003774299290741 0.00038038509499 0.0003832597071105 0.0003860515957595
0.0002260947613223 0.0002302817466772 0.0002344828297167 0.0002386959742859 0.0002429190974915 0.0002471500711356 0.0002513867232368 0.0002556268396382 0.0002598681657 0.0002641084080765 0.0002683452365756 0.0002725762860988 0.000276799158661 0.0002810114254859 0.0002852106291774 0.0002893942859627 0.0002935598880052 0.0002977049057844 0.0003018267905401 0.0003059229767777 0.0003099908848308 0.000314027923479 0.0003180314926157 0.0003219989859641 0.0003259277938355 0.0003298153059281 0.0003336589141603 0.0003374560155355 0.0003412040150343 0.0003449003285278 0.0003485423857104 0.0003521276330446 0.0003556535367159 0.00035911758559 0.000362517294171 0.0003658502055525 0.0003691138943591 0.0003723059696719 0.0003754240779341 0.0003784659058315 0.0003814291831423 0.0003843116855521 0.0003871112374295
0.0002266540286505 0.0002308513709198 0.0002350628457458 0.0002392864119369 0.0002435199814475 0.0002477614208153 0.0002520085526866 0.0002562591574273 0.0002605109748206 0.000264761705848 0.0002690090145534 0.0002732505299882 0.0002774838482353 0.0002817065345109 0.0002859161253402 0.0002901101308064 0.0002942860368697 0.0002984413077525 0.0003025733883901 0.0003066797069417 0.0003107576773601 0.0003148047020151 0.0003188181743685 0.0003227954816966 0.0003267340078555 0.0003306311360864 0.0003344842518564 0.0003382907457303 0.0003420480162695 0.0003457534729531 0.0003494045391174 0.0003529986549088 0.0003565332802449 0.00036000589778 0.00036341401587 0.0003667551715312 0.0003700269333887 0.0003732269046094 0.000376352725815 0.0003794020779688 0.0003823726852335 0.0003852623177927 0.0003880687946333
0.0002271532225036 0.0002313598092037 0.0002355805595866 0.0002398134279652 0.0002440563216952 0.0002483071026153 0.0002525635885763 0.0002568235550556 0.0002610847368582 0.0002653448299023 0.0002696014930869 0.0002738523502415 0.0002780949921546 0.0002823269786797 0.0002865458409165 0.0002907490834644 0.0002949341867462 0.0002990986093996 0.0003032397907325 0.0003073551532398 0.0003114421051785 0.0003154980431974 0.0003195203550175 0.0003235064221606 0.000327453622721 0.0003313593341766 0.0003352209362362 0.0003390358137173 0.0003428013594518 0.0003465149772133 0.0003501740846633 0.00035377611631 0.0003573185264768 0.0003607987922736 0.0003642144165686 0.0003675629309535 0.0003708418986984 0.0003740489176913 0.0003771816233575 0.0003802376915528 0.0003832148414274 0.0003861108382538 0.0003889234962155
0.0002275919402325 0.0002318066514229 0.0002360355536515 0.0002402765972802 0.0002445276856229 0.000248786676389 0.0002530513832145 0.0002573195772804 0.0002615889890169 0.0002658573098921 0.0002701221942834 0.0002743812614312 0.0002786320974707 0.0002828722575427 0.0002870992679785 0.0002913106285579 0.0002955038148376 0.0002996762805468 0.0003038254600478 0.0003079487708575 0.0003120436162271 0.0003161073877774 0.0003201374681842 0.0003241312339121 0.0003280860579913 0.0003319993128347 0.0003358683730904 0.0003396906185251 0.000343463436935 0.0003471842270797 0.0003508504016331 0.0003544593901486 0.0003580086420327 0.0003614956295229 0.0003649178506644 0.0003682728322814 0.0003715581329379 0.0003747713458825 0.0003779101019736 0.0003809720725782 0.0003839549724413 0.0003868565625195 0.0003896746527744
0.0002279698274777 0.0002321915366558 0.0002364274604346 0.0002406755457726 0.0002449336925027 0.000249199754777 0.0002534715426015 0.0002577468234566 0.0002620233240041 0.000266298731879 0.0002705706975642 0.000274836836347 0.0002790947303549 0.0002833419306693 0.0002875759595141 0.0002917943125179 0.000295994461046 0.0003001738545997 0.0003043299232815 0.0003084600803202 0.0003125617246558 0.0003166322435778 0.0003206690154166 0.0003246694122806 0.0003286308028382 0.0003325505551398 0.0003364260394741 0.0003402546312574 0.0003440337139487 0.0003477606819886 0.0003514329437549 0.0003550479245332 0.0003586030694951 0.0003620958466811 0.0003655237499821 0.0003688843021161 0.0003721750575933 0.0003753936056661 0.0003785375732594 0.0003816046278737 0.0003845924804598 0.0003874988882563 0.0003903216575889
0.000228286578647 0.000232514153651 0.000236755963006 0.0002410099508182 0.000245274014002 0.0002495460037283 0.0002538237269602 0.000258104948076 0.0002623873905789 0.000266668738891 0.0002709466402307 0.0002752187065718 0.0002794825166824 0.0002837356182412 0.0002879755300294 0.0002921997441959 0.0002964057285925 0.000300590929177 0.0003047527724809 0.000308888668139 0.0003129960114772 0.0003170721861548 0.0003211145668596 0.0003251205220485 0.0003290874167341 0.0003330126153095 0.0003368934844099 0.0003407273958047 0.0003445117293175 0.0003482438757685 0.0003519212399346 0.000355541243524 0.0003591013281586 0.0003625989583608 0.0003660316245394 0.0003693968459703 0.0003726921737659 0.0003759151938291 0.0003790635297874 0.0003821348459004 0.0003851268499385 0.0003880372960242 0.0003908639874349
0.0002285419373268 0.0002327742412465 0.0002370207954395 0.0002412795417124 0.0002455483746271 0.0002498251429508 0.0002541076511935 0.0002583936612329 0.0002626808940256 0.0002669670314035 0.0002712497179533 0.0002755265629776 0.0002797951425359 0.000284053001564 0.0002882976560677 0.0002925265953904 0.0002967372845517 0.0003009271666523 0.0003050936653451 0.0003092341873675 0.0003133461251315 0.0003174268593702 0.0003214737618344 0.0003254841980376 0.0003294555300449 0.0003333851193013 0.0003372703294962 0.0003411085294591 0.0003448970960829 0.0003486334172689 0.0003523148948913 0.0003559389477742 0.0003595030146775 0.0003630045572876 0.0003664410632063 0.0003698100489343 0.0003731090628447 0.0003763356881402 0.00037948754579 0.0003825622974412 0.0003855576482997 0.0003884713499761 0.0003913012032906
0.0002287356966286 0.0002329715887223 0.0002372217431709 0.0002414841000358 0.0002457565520941 0.0002500369462891 0.0002543230852694 0.0002586127290152 0.000262903596551 0.0002671933677434 0.0002714796851819 0.0002757601561425 0.0002800323546296 0.0002842938234976 0.0002885420766462 0.0002927746012905 0.0002969888603007 0.0003011822946099 0.0003053523256867 0.0003094963580698 0.0003136117819607 0.0003176959758718 0.0003217463093255 0.0003257601456019 0.0003297348445296 0.0003336677653167 0.0003375562694174 0.0003413977234306 0.0003451895020251 0.0003489289908879 0.0003526135896903 0.0003562407150682 0.00035980780361 0.0003633123148501 0.0003667517342602 0.0003701235762357 0.000373425387071 0.0003766547479199 0.0003798092777345 0.0003828866361796 0.0003858845265156 0.0003888006984467 0.0003916329509287
0.0002288676994677 0.0002331060360849 0.0002373586432878 0.0002416234599489 0.0002458983776293 0.0002501812420299 0.0002544698545311 0.0002587619738203 0.0002630553176058 0.0002673475644151 0.0002716363554775 0.0002759192966879 0.0002801939606509 0.0002844578888026 0.0002887085936083 0.0002929435608327 0.000297160251882 0.0003013561062124 0.0003055285438044 0.000309674967699 0.0003137927665915 0.0003178793174814 0.0003219319883731 0.0003259481410251 0.0003299251337424 0.0003338603242089 0.0003377510723562 0.0003415947432636 0.0003453887100847 0.0003491303569979 0.0003528170821737 0.0003564463007572 0.0003600154478576 0.000363521981543 0.000366963385834 0.0003703371736916 0.0003736408899943 0.0003768721144999 0.0003800284647863 0.0003831075991678 0.0003861072195793 0.0003890250744265 0.0003918589613949
0.000228937838776 0.0002331774742833 0.0002374313847497 0.0002416975084161 0.0002459737361974 0.0002502579131342 0.0002545478399332 0.0002588412745949 0.0002631359341282 0.0002674294963491 0.000271719601764 0.0002760038555342 0.0002802798295203 0.000284545064405 0.0002887970718911 0.0002930333369731 0.000297251320279 0.0003014484604803 0.000305622176767 0.0003097698713839 0.0003138889322263 0.0003179767354897 0.000322030648372 0.0003260480318232 0.0003300262433385 0.0003339626397923 0.0003378545803071 0.0003416994291545 0.0003454945586832 0.0003492373522698 0.0003529252072877 0.0003565555380897 0.0003601257789988 0.0003636333873044 0.0003670758462559 0.0003704506680521 0.0003737553968191 0.000376987611573 0.0003801449291617 0.0003832250071816 0.0003862255468635 0.000389144295923 0.0003919790513707
0.0002289460576463 0.0002331858453566 0.0002374399085384 0.0002417061853587 0.0002459825666566 0.0002502668973954 0.0002545569782028 0.0002588505669989 0.0002631453807104 0.0002674390970703 0.0002717293565 0.0002760137640749 0.0002802898915685 0.0002845552795752 0.0002888074397084 0.0002930438568724 0.0002972619916039 0.0003014592824826 0.0003056331486057 0.0003097809921249 0.0003139002008416 0.0003179881508571 0.000322042209275 0.0003260597369503 0.0003300380912834 0.0003339746290539 0.0003378667092894 0.0003417116961668 0.0003455069619407 0.0003492498898937 0.0003529378773056 0.0003565683384365 0.0003601387075173 0.0003636464417461 0.0003670890242819 0.0003704639672342 0.000373768814641 0.0003770011454314 0.0003801585763678 0.0003832387649625 0.0003862394123638 0.0003891582662065 0.0003919931234219
0.0002288923494096 0.0002331311425122 0.0002373842077373 0.0002416494837358 0.0002459248618416 0.0002502081875233 0.0002544972619247 0.0002587898434919 0.0002630836496872 0.0002673763587882 0.0002716656117701 0.00027594901427 0.0002802241386309 0.0002844885260243 0.0002887396886473 0.0002929751119942 0.0002971922571976 0.0003013885634378 0.0003055614504176 0.0003097083208982 0.0003138265632936 0.0003179135543209 0.0003219666617011 0.0003259832469084 0.0003299606679632 0.000333896282265 0.0003377874494611 0.0003416315343468 0.000345425909793 0.000349167959696 0.0003528550819465 0.000356484691411 0.0003600542229223 0.0003635611342751 0.0003670029092187 0.0003703770604464 0.0003736811325722 0.0003769127050932 0.0003800693953309 0.0003831488613472 0.0003861488048295 0.000389066973941 0.00039190116613
0.0002287767576438 0.0002330134101349 0.0002372643275412 0.0002415274495542 0.0002458006685729 0.0002500818311541 0.0002543687395518 0.0002586591533441 0.0002629507911461 0.0002672413324078 0.0002715284192958 0.0002758096586562 0.0002800826240583 0.000284344857915 0.0002885938736799 0.0002928271581171 0.0002970421736413 0.0003012363607262 0.0003054071403775 0.000309551916668 0.0003136680793307 0.0003177530064074 0.0003218040669483 0.0003258186237603 0.0003297940361979 0.000333727662995 0.0003376168651325 0.0003414590087364 0.0003452514680042 0.0003489916281536 0.0003526768883892 0.0003563046648829 0.0003598723937633 0.0003633775341084 0.0003668175709388 0.0003701900182035 0.0003734924217565 0.0003767223623175 0.000379877458411 0.0003829553692817 0.0003859537977778 0.0003888704931995 0.0003917032541074
0.0002285993761149 0.0002328327437274 0.0002370803651947 0.000241340181806 0.0002456100875942 0.0002498879307858 0.0002541715153391 0.000258458602569 0.0002627469128596 0.0002670341274601 0.0002713178903652 0.0002755958102766 0.0002798654626448 0.0002841243917884 0.0002883701130888 0.0002926001152587 0.0002968118626804 0.000301002797812 0.000305170343659 0.0003093119063068 0.0003134248775124 0.0003175066373503 0.0003215545569108 0.0003255660010455 0.0003295383311562 0.000333468908025 0.0003373550946786 0.0003411942592853 0.0003449837780786 0.0003487210383035 0.0003524034411811 0.0003560284048867 0.0003595933675368 0.0003630957901795 0.0003665331597853 0.0003699029922308 0.0003732028352729 0.0003764302715069 0.000379582921304 0.0003826584457237 0.0003856545493951 0.0003885689833638 0.0003913995478972
0.0002283603486505 0.0002325892897805 0.0002368324698613 0.0002410878323346 0.0002453532734354 0.0002496266436402 0.0002539057492032 0.0002581883537805 0.0002624721801397 0.0002667549119544 0.0002710341956828 0.0002753076425271 0.0002795728304729 0.0002838273064065 0.0002880685883072 0.0002922941675137 0.0002965015110593 0.0003006880640766 0.0003048512522656 0.0003089884844238 0.0003130971550354 0.0003171746469146 0.0003212183339004 0.0003252255835996 0.0003291937601732 0.0003331202271628 0.0003370023503524 0.0003408375006621 0.000344623057069 0.0003483564095499 0.0003520349620433 0.0003556561354242 0.0003592173704875 0.0003627161309366 0.0003661499063692 0.0003695162152595 0.0003728126079287 0.0003760366694995 0.0003791860228314 0.0003822583314295 0.0003852513023231 0.0003881626889091 0.0003909902937552
