ENABLE/Green roofs/DATA/kernel_density_weights.txt
north: 6656240.00337642
south: 6651387.34248308
east: 284845.30887641
west: 280003.96065565
rows: 485
cols: 484
[rows 57 to 75 of 485, columns 215 to 257 of 484]
0.000003925169313 0.0000039516240171 0.0000039771809832 0.0000040018205354 0.0000040255236196 0.0000040482718289 0.0000040700474266 0.0000040908333697 0.0000041106133308 0.0000041293717199 0.0000041470937045 0.0000041637652291 0.0000041793730342 0.0000041939046734 0.0000042073485303 0.0000042196938335 0.0000042309306717 0.0000042410500063 0.0000042500436837 0.0000042579044466 0.0000042646259433 0.0000042702027364 0.0000042746303101 0.0000042779050766 0.0000042800243805 0.0000042809865026 0.0000042807906622 0.0000042794370184 0.0000042769266693 0.0000042732616511 0.000004268444935 0.0000042624804234 0.0000042553729444 0.0000042471282455 0.0000042377529858 0.000004227254727 0.0000042156419231 0.0000042029239095 0.0000041891108898 0.0000041742139229 0.0000041582449076 0.0000041412165674 0.0000041231424331
0.0000041256365271 0.0000041534423323 0.0000041803045502 0.0000042062024996 0.0000042311161536 0.0000042550261651 0.0000042779138915 0.0000042997614193 0.0000043205515875 0.0000043402680097 0.0000043588950958 0.0000043764180726 0.0000043928230034 0.0000044080968061 0.0000044222272709 0.0000044352030765 0.0000044470138053 0.000004457649957 0.0000044671029617 0.0000044753651915 0.0000044824299701 0.0000044882915825 0.0000044929452823 0.0000044963872985 0.00000449861484 0.0000044996260998 0.0000044994202575 0.00000449799748 0.0000044953589218 0.0000044915067229 0.0000044864440063 0.0000044801748736 0.0000044727043997 0.0000044640386256 0.0000044541845503 0.0000044431501218 0.000004430944226 0.0000044175766748 0.0000044030581931 0.0000043874004046 0.0000043706158159 0.0000043527178002 0.0000043337205791
0.0000043351691612 0.0000043643871664 0.0000043926136613 0.0000044198269145 0.0000044460058821 0.000004471130234 0.0000044951803812 0.0000045181375003 0.0000045399835585 0.0000045607013374 0.0000045802744551 0.0000045986873881 0.0000046159254917 0.0000046319750196 0.0000046468231417 0.000004660457962 0.0000046728685335 0.0000046840448736 0.0000046939779771 0.0000047026598286 0.0000047100834128 0.0000047162427245 0.0000047211327763 0.0000047247496054 0.0000047270902791 0.0000047281528988 0.0000047279366022 0.0000047264415647 0.0000047236689995 0.0000047196211553 0.0000047143013137 0.0000047077137846 0.0000046998639006 0.0000046907580095 0.000004680403466 0.0000046688086215 0.0000046559828131 0.0000046419363514 0.0000046266805058 0.0000046102274903 0.0000045925904467 0.0000045737834273 0.0000045538213763
0.0000045541114026 0.0000045848050262 0.0000046144570645 0.0000046430446888 0.000004670545792 0.0000046969390176 0.0000047222037871 0.0000047463203264 0.0000047692696923 0.0000047910337964 0.0000048115954297 0.0000048309382846 0.0000048490469768 0.0000048659070658 0.0000048815050737 0.0000048958285033 0.000004908865855 0.000004920606642 0.0000049310414044 0.0000049401617218 0.0000049479602248 0.0000049544306047 0.0000049595676224 0.0000049633671149 0.0000049658260014 0.0000049669422873 0.0000049667150669 0.0000049651445245 0.0000049622319344 0.0000049579796589 0.0000049523911454 0.0000049454709215 0.0000049372245891 0.0000049276588165 0.0000049167813297 0.0000049046009022 0.0000048911273427 0.0000048763714821 0.0000048603451593 0.000004843061205 0.0000048245334248 0.0000048047765807 0.0000047838063716
0.000004782817042 0.0000048150520871 0.0000048461932388 0.000004876216522 0.0000049050987196 0.0000049328174023 0.0000049593509583 0.0000049846786206 0.0000050087804943 0.000005031637583 0.0000050532318132 0.0000050735460585 0.000005092564162 0.0000051102709578 0.0000051266522913 0.0000051416950378 0.0000051553871201 0.0000051677175247 0.0000051786763167 0.0000051882546527 0.0000051964447934 0.0000052032401132 0.0000052086351098 0.0000052126254113 0.0000052152077821 0.0000052163801275 0.0000052161414961 0.0000052144920817 0.0000052114332225 0.0000052069673994 0.0000052010982331 0.0000051938304783 0.0000051851700184 0.0000051751238565 0.0000051637001068 0.0000051509079831 0.0000051367577868 0.0000051212608929 0.0000051044297346 0.0000050862777871 0.0000050668195493 0.0000050460705244 0.0000050240471998
0.0000050216495666 0.0000050554942858 0.0000050881904876 0.0000051197129995 0.000005150037445 0.000005179140275 0.0000052069987983 0.0000052335912109 0.0000052588966246 0.0000052828950942 0.0000053055676439 0.0000053268962918 0.0000053468640745 0.0000053654550686 0.0000053826544128 0.0000053984483268 0.0000054128241306 0.0000054257702605 0.0000054372762856 0.000005447332921 0.0000054559320407 0.0000054630666884 0.0000054687310871 0.0000054729206464 0.0000054756319693 0.0000054768628563 0.0000054766123088 0.00000547488053 0.000005471668925 0.0000054669800987 0.0000054608178524 0.0000054531871784 0.0000054440942538 0.0000054335464314 0.0000054215522307 0.0000054081213255 0.0000053932645316 0.000005376993792 0.0000053593221608 0.0000053402637861 0.0000053198338908 0.0000052980487523 0.0000052749256812
0.0000052709822433 0.0000053065074053 0.0000053408270241 0.0000053739146776 0.0000054057447787 0.0000054362926093 0.0000054655343514 0.0000054934471185 0.0000055200089852 0.0000055451990159 0.0000055689972928 0.0000055913849411 0.0000056123441551 0.0000056318582209 0.0000056499115391 0.0000056664896455 0.0000056815792301 0.0000056951681555 0.0000057072454725 0.0000057178014354 0.0000057268275148 0.0000057343164088 0.0000057402620536 0.0000057446596311 0.0000057475055753 0.0000057487975778 0.0000057485345902 0.0000057467168259 0.0000057433457597 0.000005738424126 0.0000057319559145 0.0000057239463658 0.0000057144019634 0.0000057033304253 0.0000056907406939 0.0000056766429235 0.0000056610484668 0.0000056439698598 0.0000056254208048 0.0000056054161522 0.0000055839718809 0.0000055611050766 0.0000055368339092
0.0000055311981939 0.0000055684771493 0.0000056044910467 0.0000056392121595 0.0000056726136376 0.0000057046695425 0.0000057353548804 0.0000057646456348 0.0000057925187982 0.0000058189524013 0.0000058439255429 0.0000058674184166 0.0000058894123375 0.0000059098897667 0.0000059288343346 0.0000059462308629 0.0000059620653847 0.0000059763251632 0.0000059889987089 0.0000060000757948 0.0000060095474703 0.0000060174060734 0.0000060236452407 0.0000060282599161 0.0000060312463579 0.0000060326021435 0.0000060323261729 0.0000060304186698 0.0000060268811821 0.0000060217165789 0.0000060149290471 0.0000060065240859 0.0000059965084988 0.0000059848903851 0.0000059716791284 0.0000059568853843 0.0000059405210661 0.0000059225993285 0.0000059031345505 0.0000058821423155 0.0000058596393911 0.0000058356437066 0.000005810174329
0.0000058026904592 0.0000058417992076 0.0000058795808042 0.0000059160061614 0.0000059510471113 0.000005984676442 0.0000060168679331 0.0000060475963893 0.0000060768376736 0.0000061045687386 0.0000061307676571 0.0000061554136505 0.0000061784871167 0.0000061999696561 0.0000062198440955 0.0000062380945117 0.0000062547062521 0.0000062696659548 0.0000062829615664 0.0000062945823578 0.0000063045189393 0.0000063127632725 0.0000063193086818 0.0000063241498631 0.0000063272828909 0.0000063287052236 0.0000063284157072 0.0000063264145767 0.0000063227034556 0.000006317285354 0.0000063101646643 0.0000063013471556 0.0000062908399654 0.0000062786515904 0.0000062647918749 0.0000062492719975 0.0000062321044563 0.0000062133030516 0.0000061928828681 0.0000061708602543 0.0000061472528008 0.0000061220793167 0.0000060953598051
0.0000060858620532 0.0000061268793105 0.000006166504651 0.0000062047075675 0.0000062414585175 0.0000062767289613 0.0000063104913988 0.0000063427194053 0.0000063733876658 0.0000064024720082 0.0000064299494352 0.0000064557981544 0.000006479997607 0.0000065025284954 0.0000065233728085 0.0000065425138459 0.0000065599362401 0.0000065756259771 0.0000065895704152 0.0000066017583018 0.000006612179789 0.0000066208264461 0.0000066276912717 0.0000066327687029 0.0000066360546226 0.0000066375463652 0.0000066372427204 0.0000066351439346 0.0000066312517106 0.0000066255692054 0.0000066181010257 0.0000066088532221 0.0000065978332804 0.0000065850501121 0.0000065705140418 0.0000065542367936 0.0000065362314755 0.0000065165125613 0.0000064950958718 0.0000064719985533 0.0000064472390548 0.0000064208371034 0.0000063928136782
0.0000063811260058 0.0000064241332717 0.00000646568109 0.0000065057374734 0.0000065442714462 0.000006581253084 0.0000066166535525 0.000006650445145 0.0000066826013182 0.0000067130967275 0.0000067419072596 0.0000067690100648 0.0000067943835871 0.0000068180075925 0.000006839863196 0.0000068599328871 0.0000068782005527 0.0000068946514989 0.0000069092724705 0.0000069220516692 0.0000069329787691 0.0000069420449307 0.0000069492428128 0.0000069545665825 0.0000069580119231 0.0000069595760396 0.0000069592576631 0.0000069570570518 0.0000069529759912 0.0000069470177914 0.0000069391872828 0.0000069294908093 0.00000691793622 0.0000069045328588 0.000006889291551 0.0000068722245898 0.0000068533457189 0.0000068326701145 0.000006810214365 0.0000067859964484 0.0000067600357088 0.0000067323528305 0.0000067029698104
0.0000066889053943 0.0000067339870198 0.0000067775388044 0.0000068195272182 0.0000068599197913 0.000006898685156 0.0000069357930872 0.0000069712145418 0.0000070049216963 0.0000070368879837 0.0000070670881276 0.0000070954981762 0.0000071220955338 0.0000071468589904 0.0000071697687503 0.0000071908064582 0.0000072099552239 0.0000072271996448 0.0000072425258264 0.0000072559214012 0.0000072673755454 0.0000072768789931 0.000007284424049 0.0000072900045989 0.0000072936161178 0.000007295255676 0.0000072949219433 0.0000072926151904 0.000007288337289 0.0000072820917087 0.0000072738835129 0.0000072637193516 0.0000072516074525 0.00000723755761 0.0000072215811718 0.0000072036910237 0.0000071839015726 0.0000071622287265 0.0000071386898739 0.0000071133038601 0.0000070860909621 0.0000070570728619 0.0000070262726173
0.0000070096333615 0.0000070568766169 0.0000071025166768 0.0000071465184033 0.0000071888477698 0.0000072294719045 0.000007268359133 0.0000073054790196 0.0000073408024068 0.0000073743014535 0.0000074059496715 0.0000074357219605 0.0000074635946413 0.000007489545487 0.0000075135537526 0.0000075356002027 0.0000075556671373 0.0000075737384151 0.0000075897994756 0.0000076038373582 0.0000076158407199 0.0000076257998507 0.0000076337066864 0.0000076395548194 0.0000076433395079 0.0000076450576818 0.0000076447079468 0.0000076422905869 0.0000076378075633 0.0000076312625121 0.0000076226607395 0.0000076120092144 0.0000075993165589 0.000007584593037 0.0000075678505406 0.0000075491025735 0.0000075283642331 0.0000075056521904 0.0000074809846676 0.0000074543814135 0.0000074258636776 0.0000073954541814 0.0000073631770883
0.0000073437531218 0.0000073932482646 0.0000074410637943 0.0000074871628982 0.0000075315099277 0.0000075740704441 0.0000076148112634 0.000007653700499 0.0000076907076036 0.000007725803409 0.0000077589601646 0.0000077901515735 0.0000078193528278 0.0000078465406412 0.0000078716932799 0.0000078947905917 0.0000079158140327 0.0000079347466924 0.0000079515733161 0.0000079662803255 0.0000079788558371 0.0000079892896778 0.0000079975733991 0.000008003700288 0.0000080076653767 0.0000080094654487 0.0000080090990434 0.000008006566458 0.0000080018697475 0.0000079950127213 0.0000079860009384 0.0000079748416998 0.0000079615440388 0.0000079461187085 0.0000079285781676 0.0000079089365637 0.0000078872097138 0.0000078634150835 0.0000078375717635 0.0000078097004442 0.0000077798233877 0.0000077479643985 0.0000077141487921
0.0000076917179531 0.0000077435582958 0.0000077936394413 0.0000078419228325 0.0000078883711318 0.0000079329482687 0.0000079756194867 0.0000080163513886 0.0000080551119796 0.0000080918707094 0.0000081265985124 0.0000081592678459 0.0000081898527265 0.0000082183287644 0.0000082446731961 0.0000082688649146 0.0000082908844972 0.0000083107142322 0.0000083283381421 0.0000083437420054 0.0000083569133751 0.0000083678415965 0.0000083765178206 0.0000083829350164 0.0000083870879806 0.0000083889733444 0.0000083885895778 0.0000083859369925 0.0000083810177405 0.0000083738358117 0.0000083643970287 0.0000083527090383 0.0000083387813018 0.000008322625082 0.0000083042534278 0.000008283681157 0.0000082609248362 0.0000082360027587 0.0000082089349195 0.0000081797429895 0.0000081484502856 0.0000081150817403 0.0000080796638684
0.0000080539911742 0.000008108273152 0.0000081607130758 0.0000082112705728 0.0000082599065465 0.0000083065832278 0.0000083512642231 0.0000083939145621 0.0000084345007431 0.0000084729907771 0.0000085093542294 0.0000085435622601 0.000008575587662 0.0000086054048965 0.000008632990128 0.0000086583212553 0.0000086813779411 0.0000087021416394 0.0000087205956202 0.0000087367249919 0.0000087505167218 0.0000087619596529 0.0000087710445195 0.0000087777639597 0.0000087821125249 0.0000087840866876 0.000008783684846 0.0000087809073262 0.0000087757563817 0.0000087682361904 0.0000087583528488 0.0000087461143643 0.0000087315306435 0.0000087146134798 0.0000086953765367 0.0000086738353299 0.0000086500072062 0.0000086239113205 0.0000085955686097 0.0000085650017652 0.0000085322352021 0.0000084972950274 0.0000084602090046
0.0000084310461081 0.0000084878693461 0.0000085427642927 0.0000085956886849 0.0000086466015961 0.0000086954634887 0.0000087422362655 0.0000087868833189 0.000008829369579 0.000008869661559 0.0000089077273995 0.0000089435369103 0.0000089770616105 0.000009008274766 0.0000090371514253 0.0000090636684524 0.000009087804558 0.0000091095403277 0.0000091288582484 0.0000091457427314 0.0000091601801336 0.000009172158776 0.0000091816689589 0.0000091887029758 0.000009193255123 0.000009195321708 0.0000091949010538 0.0000091919935019 0.0000091866014112 0.0000091787291553 0.0000091683831161 0.0000091555716758 0.0000091403052048 0.0000091225960487 0.0000091024585106 0.0000090799088325 0.0000090549651735 0.0000090276475851 0.0000089979779845 0.0000089659801253 0.0000089316795658 0.000008895103635 0.0000088562813962
0.0000088233660282 0.0000088828334088 0.0000089402827693 0.00000899566988 0.0000090489519099 0.0000091000874817 0.0000091490367253 0.0000091957613298 0.0000092402245932 0.0000092823914706 0.00000932222862 0.0000093597044465 0.0000093947891438 0.0000094274547339 0.0000094576751041 0.0000094854260419 0.0000095106852673 0.0000095334324625 0.0000095536492995 0.0000095713194643 0.0000095864286788 0.0000095989647206 0.0000096089174387 0.0000096162787678 0.0000096210427391 0.000009623205488 0.0000096227652596 0.0000096197224112 0.0000096140794117 0.0000096058408378 0.0000095950133688 0.0000095816057767 0.0000095656289146 0.0000095470957024 0.0000095260211088 0.0000095024221318 0.0000094763177753 0.0000094477290239 0.0000094166788146 0.0000093831920064 0.0000093472953469 0.0000093090174367 0.0000092683886917
0.00000923144409 0.0000092936618193 0.0000093537681957 0.0000094117169439 0.0000094674632518 0.0000095209638286 0.0000095721769602 0.0000096210625638 0.00000966758224 0.000009711699323 0.0000097533789287 0.0000097925880011 0.0000098292953553 0.0000098634717192 0.0000098950897725 0.000009924124183 0.00000995055164 0.0000099743508863 0.0000099955027461 0.0000100139901507 0.0000100297981619 0.0000100429139919 0.0000100533270203 0.0000100610288087 0.0000100660131122 0.0000100682758876 0.0000100678152988 0.0000100646317196 0.0000100587277329 0.0000100501081275 0.0000100387798913 0.000010024752202 0.0000100080364148 0.000009988646047 0.0000099665967597 0.0000099419063371 0.0000099145946618 0.0000098846836891 0.0000098521974169 0.0000098171618537 0.0000097796049843 0.0000097395567322 0.0000096970489197
