ENABLE/Green roofs/DATA/kernel_density_weights.txt
north: 6656240.00337642
south: 6651387.34248308
east: 284845.30887641
west: 280003.96065565
rows: 485
cols: 484
[rows 209 to 227 of 485, columns 86 to 128 of 484]
0.0000148711990062 0.0000155031014135 0.0000161574829755 0.0000168349310667 0.0000175360386623 0.0000182614039183 0.0000190116297267 0.0000197873232458 0.0000205890954051 0.0000214175603849 0.0000222733350702 0.0000231570384788 0.0000240692911634 0.0000250107145882 0.0000259819304792 0.0000269835601485 0.0000280162237935 0.00002908053977 0.0000301771238398 0.0000313065883938 0.0000324695416498 0.0000336665868259 0.0000348983212906 0.0000361653356888 0.0000374682130449 0.0000388075278449 0.0000401838450952 0.0000415977193625 0.0000430496937925 0.0000445402991104 0.0000460700526035 0.0000476394570862 0.0000492489998501 0.0000508991515993 0.0000525903653715 0.0000543230754489 0.0000560976962565 0.0000579146212527 0.000059774221812 0.0000616768461011 0.0000636228179517 0.0000656124357295 0.0000676459712032
0.0000150010290014 0.0000156384481049 0.0000162985426128 0.0000169819050275 0.0000176891335011 0.0000184208314118 0.0000191776069149 0.0000199600724693 0.0000207688443383 0.0000216045420641 0.0000224677879172 0.0000233592063197 0.0000242794232418 0.0000252290655735 0.0000262087604683 0.0000272191346629 0.000028260813769 0.0000293344215408 0.0000304405791161 0.000031579904232 0.0000327530104161 0.0000339605061531 0.0000352029940264 0.0000364810698375 0.0000377953217009 0.0000391463291179 0.0000405346620276 0.0000419608798382 0.0000434255304373 0.0000449291491835 0.00004647225788 0.0000480553637311 0.0000496789582826 0.0000513435163479 0.00005304949492 0.0000547973320722 0.0000565874458478 0.0000584202331402 0.0000602960685661 0.0000622153033318 0.0000641782640961 0.0000661852518294 0.0000682365406733
0.0000151278995597 0.0000157707096079 0.0000164363868368 0.0000171255287597 0.0000178387385878 0.0000185766248021 0.0000193398007015 0.0000201288839248 0.0000209444959471 0.0000217872615505 0.0000226578082683 0.0000235567658036 0.0000244847654209 0.0000254424393118 0.0000264304199341 0.000027449339325 0.0000284998283874 0.0000295825161509 0.0000306980290063 0.0000318469899154 0.0000330300175947 0.000034247725675 0.0000355007218362 0.0000367896069185 0.0000381149740106 0.0000394774075147 0.0000408774821904 0.0000423157621769 0.0000437927999955 0.0000453091355326 0.0000468652950046 0.0000484617899055 0.0000500991159382 0.0000517777519318 0.0000534981587443 0.0000552607781542 0.0000570660317401 0.0000589143197524 0.0000608060199758 0.0000627414865871 0.0000647210490077 0.0000667450107536 0.0000688136482847
0.00001525171673 0.0000158997879792 0.0000165709135699 0.000017265695906 0.0000179847431355 0.0000187286687198 0.0000194980909775 0.0000202936326024 0.0000211159201564 0.0000219655835351 0.0000228432554081 0.0000237495706323 0.0000246851656388 0.0000256506777938 0.0000266467447313 0.0000276740036617 0.0000287330906516 0.0000298246398789 0.0000309492828614 0.0000321076476595 0.0000333003580538 0.0000345280326974 0.0000357912842439 0.0000370907184512 0.0000384269332623 0.0000398005178625 0.0000412120517155 0.000042662103578 0.0000441512304935 0.0000456799767671 0.0000472488729222 0.0000488584346391 0.000050509161678 0.0000522015367871 0.0000539360245963 0.0000557130704999 0.000057533099527 0.0000593965152039 0.0000613036984074 0.0000632550062132 0.0000652507707388 0.0000672912979845 0.0000693768666728
0.000015372388267 0.000016025587054 0.0000167020225884 0.0000174023020402 0.0000181270383693 0.0000188768498906 0.0000196523598148 0.0000204541957627 0.0000212829892534 0.0000221393751662 0.0000230239911764 0.0000239374771639 0.0000248804745954 0.0000258536258795 0.0000268575736957 0.0000278929602957 0.0000289604267787 0.0000300606123402 0.0000311941534946 0.0000323616832715 0.0000335638303868 0.0000348012183885 0.0000360744647775 0.0000373841801044 0.000038730967043 0.0000401154194404 0.0000415381213451 0.0000429996460136 0.0000445005548967 0.0000460413966063 0.0000476227058631 0.0000492450024274 0.0000509087900138 0.0000526145551896 0.0000543627662611 0.0000561538721466 0.0000579883012379 0.0000598664602541 0.0000617887330854 0.0000637554796327 0.0000657670346412 0.0000678237065323 0.0000699257762338
0.000015489823746 0.0000161480125652 0.0000168296156461 0.0000175352447971 0.0000182655176606 0.0000190210572753 0.0000198024916127 0.0000206104530882 0.0000214455780453 0.0000223085062135 0.0000231998801395 0.0000241203445914 0.0000250705459363 0.0000260511314907 0.0000270627488434 0.0000281060451525 0.0000291816664151 0.0000302902567095 0.0000314324574129 0.0000326089063906 0.0000338202371618 0.0000350670780377 0.0000363500512366 0.0000376697719735 0.0000390268475261 0.0000404218762782 0.00004185544674 0.0000433281365473 0.0000448405114402 0.0000463931242215 0.0000479865136968 0.0000496212035973 0.0000512977014852 0.0000530164976454 0.0000547780639615 0.0000565828527811 0.0000584312957691 0.0000603238027512 0.0000622607605505 0.0000642425318174 0.0000662694538543 0.0000683418374386 0.0000704599656444
0.0000156039346751 0.0000162669722608 0.000016953596597 0.0000176644239994 0.0000184000766605 0.0000191611822085 0.0000199483732414 0.0000207622868334 0.0000216035640157 0.0000224728492308 0.0000233707897587 0.0000242980351176 0.0000252552364362 0.0000262430457995 0.0000272621155673 0.0000283130976651 0.0000293966428488 0.0000305133999417 0.0000316640150457 0.0000328491307255 0.0000340693851669 0.00003532541131 0.0000366178359569 0.0000379472788548 0.000039314351755 0.0000407196574495 0.0000421637887841 0.0000436473276498 0.0000451708439544 0.0000467348945732 0.0000483400222811 0.0000499867546674 0.0000516756030336 0.0000534070612763 0.0000551816047555 0.0000569996891512 0.000058861749308 0.0000607681980711 0.0000627194251132 0.000064715795756 0.000066757649787 0.000068845300273 0.0000709790323734
0.0000157146346063 0.0000163823760193 0.0000170738715158 0.0000177897417838 0.0000185306134297 0.0000192971185346 0.0000200898941841 0.0000209095819721 0.0000217568274778 0.0000226322797151 0.0000235365905564 0.0000244704141278 0.0000254344061772 0.0000264292234159 0.0000274555228315 0.0000285139609748 0.0000296051932181 0.000030729872988 0.0000318886509698 0.0000330821742869 0.0000343110856527 0.0000355760224976 0.0000368776160703 0.0000382164905148 0.0000395932619224 0.0000410085373616 0.0000424629138838 0.0000439569775084 0.0000454913021863 0.0000470664487433 0.0000486829638051 0.0000503413787039 0.0000520422083686 0.0000537859501995 0.0000555730829291 0.0000574040654701 0.0000592793357522 0.0000611993095493 0.0000631643792986 0.0000651749129136 0.0000672312525923 0.0000693337136225 0.0000714825831868
0.0000158218392441 0.0000164941359636 0.000017190348816 0.0000179111027236 0.0000186570285676 0.0000194287627411 0.0000202269466759 0.0000210522263427 0.0000219052517249 0.000022786676264 0.0000236971562794 0.0000246373503595 0.0000256079187259 0.0000266095225699 0.000027642823361 0.0000287084821289 0.0000298071587169 0.0000309395110093 0.0000321061941303 0.000033307859618 0.0000345451545702 0.000035818720766 0.0000371291937605 0.0000384772019553 0.000039863365645 0.0000412882960392 0.0000427525942625 0.0000442568503322 0.0000458016421145 0.0000473875342612 0.0000490150771271 0.0000506848056691 0.0000523972383289 0.0000541528759 0.000055952200381 0.000057795673815 0.0000596837371195 0.0000616168089045 0.0000635952842847 0.0000656195336833 0.0000676899016329 0.0000698067055721 0.0000719702346425
0.0000159254665528 0.000016602166572 0.000017302939366 0.0000180284139504 0.0000187792253381 0.0000195560140905 0.0000203594258405 0.0000211901107899 0.0000220487231789 0.0000229359207291 0.0000238523640584 0.0000247987160687 0.0000257756413059 0.0000267838052918 0.0000278238738283 0.0000288965122746 0.0000300023847959 0.000031142153585 0.0000323164780574 0.0000335260140181 0.0000347714128036 0.000036053320396 0.0000373723765133 0.0000387292136729 0.000040124456232 0.0000415587194035 0.0000430326082491 0.0000445467166505 0.0000461016262587 0.0000476979054238 0.0000493361081052 0.0000510167727635 0.0000527404212361 0.0000545075575966 0.0000563186670003 0.0000581742145168 0.0000600746439511 0.0000620203766552 0.0000640118103316 0.0000660493178296 0.0000681332459383 0.0000702639141756 0.0000724416135767
0.0000160254368604 0.0000167063847871 0.0000174115566028 0.0000181415852714 0.0000188971097924 0.000019678774748 0.000020487229824 0.0000213231293038 0.0000221871315346 0.0000230798983666 0.0000240020945648 0.0000249543871924 0.0000259374449669 0.0000269519375876 0.0000279985350363 0.0000290779068486 0.000030190721359 0.0000313376449173 0.0000325193410782 0.0000337364697636 0.0000349896863984 0.0000362796410202 0.0000376069773625 0.0000389723319132 0.000040376332949 0.0000418195995447 0.0000433027405601 0.000044826353605 0.0000463910239817 0.000047997323608 0.0000496458099207 0.0000513370247605 0.0000530714932407 0.000054849722599 0.0000566722010363 0.0000585393965415 0.0000604517557057 0.000062409702526 0.0000644136372011 0.000066463934921 0.0000685609446517 0.0000707049879169 0.0000728963575787
0.000016121672961 0.0000168067101225 0.0000175161166424 0.0000182505292859 0.0000190105908897 0.0000197969499068 0.0000206102599247 0.0000214511791558 0.0000223203699006 0.0000232184979842 0.0000241462321635 0.0000251042435076 0.0000260932047496 0.0000271137896108 0.000028166672096 0.0000292525257619 0.0000303720229562 0.0000315258340304 0.0000327146265239 0.0000339390643216 0.0000351998067846 0.0000364975078537 0.0000378328151283 0.0000392063689188 0.0000406188012745 0.0000420707349879 0.0000435627825755 0.0000450955452354 0.000046669611785 0.0000482855575765 0.0000499439433944 0.0000516453143331 0.0000533901986593 0.0000551791066569 0.0000570125294584 0.0000588909378633 0.0000608147811443 0.0000627844858448 0.0000648004545668 0.0000668630647534 0.0000689726674662 0.0000711295861597 0.0000733341154547
0.0000162141002139 0.0000169030647657 0.0000176165383881 0.0000183551614968 0.0000191195806139 0.0000199104479103 0.0000207284207204 0.0000215741610302 0.0000224483349374 0.0000233516120841 0.0000242846650613 0.0000252481687855 0.0000262427998468 0.0000272692358287 0.0000283281546003 0.0000294202335799 0.0000305461489698 0.0000317065749647 0.000032902182931 0.0000341336405599 0.0000354016109924 0.0000367067519188 0.000038049714651 0.0000394311431703 0.0000408516731498 0.0000423119309525 0.0000438125326063 0.0000453540827564 0.0000469371735957 0.000048562383775 0.0000502302772938 0.0000519414023717 0.0000536962903039 0.0000554954542999 0.0000573393883079 0.0000592285658264 0.000061163438704 0.0000631444359295 0.0000651719624129 0.0000672463977615 0.0000693680950494 0.0000715373795854 0.0000737545476796
0.0000163026466398 0.000016995373679 0.0000177127436348 0.0000184554004201 0.0000192239940877 0.0000200191803702 0.0000208416201916 0.000021691979153 0.0000225709269899 0.0000234791370014 0.0000244172854514 0.0000253860509422 0.0000263861137588 0.0000274181551851 0.0000284828567922 0.0000295808996975 0.0000307129637964 0.0000318797269653 0.0000330818642371 0.0000343200469491 0.0000355949418639 0.0000369072102634 0.0000382575070165 0.0000396464796213 0.0000410747672223 0.0000425429996032 0.000044051796156 0.0000456017648279 0.0000471935010458 0.0000488275866207 0.0000505045886319 0.0000522250582931 0.0000539895298009 0.0000557985191673 0.0000576525230382 0.0000595520174978 0.0000614974568624 0.0000634892724633 0.000065527871422 0.0000676136354187 0.0000697469194557 0.0000719280506184 0.000074157326835
0.0000163872430145 0.0000170835646968 0.0000178046571707 0.0000185511676905 0.0000193237496822 0.000020123062281 0.0000209497698405 0.0000218045414159 0.0000226880502178 0.0000236009730391 0.0000245439896532 0.0000255177821835 0.0000265230344451 0.0000275604312573 0.0000286306577278 0.0000297343985085 0.0000308723370228 0.0000320451546647 0.0000332535299699 0.0000344981377595 0.0000357796482558 0.0000370987261723 0.0000384560297761 0.0000398522099251 0.0000412879090806 0.0000427637602941 0.0000442803861719 0.0000458383978157 0.0000474383937424 0.000049080958782 0.0000507666629564 0.0000524960603395 0.0000542696879 0.0000560880643277 0.0000579516888454 0.000059861040008 0.0000618165744891 0.0000638187258583 0.0000658679033498 0.0000679644906243 0.0000701088445262 0.0000723012938382 0.0000745421380345
0.0000164678229588 0.0000171675686194 0.0000178922068753 0.0000186423881636 0.0000194187691235 0.000020222012131 0.0000210527848069 0.000021911759496 0.0000227996127194 0.0000237170245978 0.0000246646782473 0.0000256432591455 0.0000266534544699 0.0000276959524072 0.000028771441434 0.0000298806095689 0.0000310241435956 0.0000322027282589 0.0000334170454309 0.0000346677732509 0.000035955585237 0.0000372811493712 0.0000386451271573 0.0000400481726539 0.0000414909314812 0.0000429740398037 0.0000444981232892 0.0000460637960443 0.0000476716595288 0.0000493223014486 0.0000510162946286 0.0000527541958671 0.0000545365447733 0.0000563638625873 0.0000582366509869 0.0000601553908801 0.0000621205411862 0.0000641325376066 0.0000661917913878 0.000068298688077 0.0000704535862735 0.0000726568163766 0.0000749086793332
0.0000165443230255 0.0000172473193033 0.0000179753238132 0.0000187289900138 0.0000195089775946 0.0000203159520088 0.0000211505839784 0.0000220135489716 0.0000229055266521 0.0000238272003003 0.0000247792562055 0.0000257623830297 0.0000267772711425 0.0000278246119277 0.0000289050970602 0.0000300194177544 0.0000311682639848 0.0000323523236769 0.0000335722818704 0.000034828819855 0.0000361226142775 0.0000374543362229 0.000038824650268 0.0000402342135098 0.0000416836745677 0.0000431736725614 0.0000447048360652 0.0000462777820385 0.0000478931147352 0.0000495514245913 0.0000512532870926 0.0000529992616242 0.0000547898903018 0.0000566256967871 0.0000585071850882 0.0000604348383472 0.0000624091176152 0.0000644304606177 0.0000664992805117 0.0000686159646354 0.0000707808732538 0.0000729943383012 0.0000752566621223
0.0000166166827823 0.0000173227537485 0.0000180539423252 0.0000188109048289 0.0000195943038344 0.0000204048077053 0.0000212430900972 0.0000221098294326 0.0000230057083479 0.0000239314131119 0.0000248876330154 0.0000258750597325 0.0000268943866524 0.0000279463081825 0.0000290315190231 0.0000301507134117 0.0000313045843405 0.0000324938227438 0.0000337191166575 0.000034981150351 0.0000362806034305 0.0000376181499162 0.0000389944572915 0.0000404101855274 0.0000418659860801 0.0000433625008646 0.0000449003612044 0.0000464801867574 0.0000481025844202 0.0000497681472111 0.0000514774531332 0.0000532310640179 0.000055029524352 0.0000568733600875 0.0000587630774371 0.0000606991616558 0.0000626820758113 0.0000647122595435 0.0000667901278165 0.0000689160696624 0.0000710904469222 0.0000733135929817 0.0000755858115082
0.0000166848448914 0.000017393812181 0.0000181280001142 0.0000188880676997 0.0000196746802304 0.0000204885088114 0.0000213302298617 0.0000222005245867 0.000023100078423 0.0000240295804545 0.0000249897227994 0.0000259811999692 0.0000270047081974 0.0000280609447398 0.0000291506071463 0.0000302743925024 0.0000314329966429 0.0000326271133362 0.0000338574334407 0.0000351246440325 0.0000364294275058 0.0000377724606455 0.0000391544136732 0.0000405759492668 0.0000420377215551 0.0000435403750862 0.0000450845437732 0.0000466708498158 0.0000482999026004 0.0000499722975776 0.0000516886151216 0.0000534494193684 0.0000552552570383 0.0000571066562409 0.0000590041252653 0.0000609481513569 0.0000629391994831 0.0000649777110872 0.0000670641028354 0.0000691987653557 0.0000713820619733 0.0000736143274417 0.0000758958666737
