ENABLE/Green roofs/DATA/kernel_density_weights.txt
north: 6656240.00337642
south: 6651387.34248308
east: 284845.30887641
west: 280003.96065565
rows: 485
cols: 484
[rows 76 to 94 of 485, columns 301 to 343 of 484]
0.0000064012691266 0.0000062962174766 0.0000061912147873 0.0000060863165709 0.0000059815773219 0.0000058770504769 0.0000057727883748 0.00000566884222 0.000005565262048 0.0000054620966921 0.0000053593937537 0.0000052571995738 0.0000051555592071 0.0000050545163979 0.0000049541135594 0.0000048543917534 0.0000047553906739 0.0000046571486316 0.0000045597025415 0.0000044630879118 0.0000043673388358 0.0000042724879848 0.0000041785666044 0.0000040856045111 0.0000039936300927 0.0000039026703092 0.000003812750696 0.0000037238953696 0.000003636127034 0.0000035494669893 0.0000034639351426 0.0000033795500192 0.0000032963287766 0.0000032142872193 0.0000031334398151 0.0000030537997131 0.0000029753787629 0.0000028981875346 0.0000028222353409 0.0000027475302591 0.0000026740791556 0.0000026018877099 0.0000025309604409
0.0000066937034384 0.0000065838526296 0.0000064740530183 0.0000063643626525 0.0000062548385164 0.0000061455364877 0.0000060365112964 0.000005927816486 0.0000058195043779 0.0000057116260363 0.0000056042312373 0.0000054973684387 0.0000053910847535 0.0000052854259247 0.0000051804363028 0.0000050761588256 0.0000049726350003 0.000004869904888 0.00000476800709 0.0000046669787367 0.0000045668554788 0.0000044676714803 0.0000043694594141 0.000004272250459 0.0000041760742995 0.0000040809591272 0.0000039869316442 0.0000038940170687 0.0000038022391417 0.0000037116201368 0.0000036221808701 0.0000035339407134 0.0000034469176081 0.0000033611280804 0.0000032765872594 0.0000031933088948 0.0000031113053774 0.0000030305877603 0.0000029511657816 0.0000028730478877 0.0000027962412585 0.0000027207518331 0.0000026465843368
0.0000069976040421 0.0000068827659004 0.0000067679812807 0.0000066533108663 0.0000065388142286 0.0000064245497822 0.0000063105747418 0.0000061969450821 0.0000060837154996 0.000005970939377 0.0000058586687503 0.0000057469542775 0.0000056358452103 0.0000055253893686 0.0000054156331163 0.0000053066213409 0.000005198397434 0.0000050910032753 0.0000049844792188 0.0000048788640806 0.0000047741951301 0.0000046705080823 0.0000045678370934 0.0000044662147578 0.0000043656721077 0.0000042662386147 0.0000041679421931 0.0000040708092061 0.0000039748644726 0.0000038801312772 0.0000037866313814 0.0000036943850364 0.0000036034109979 0.0000035137265429 0.0000034253474869 0.000003338288204 0.0000032525616477 0.0000031681793729 0.0000030851515595 0.0000030034870378 0.0000029231933134 0.0000028442765951 0.0000027667418228
0.0000073133233887 0.0000071933039561 0.0000070733404601 0.0000069534963222 0.0000068338338016 0.0000067144139482 0.0000065952965584 0.0000064765401321 0.0000063582018339 0.000006240337455 0.0000061230013789 0.0000060062465493 0.0000058901244403 0.000005774685029 0.0000056599767715 0.0000055460465802 0.0000054329398047 0.0000053207002142 0.0000052093699832 0.0000050989896794 0.0000049895982535 0.000004881233032 0.0000047739297122 0.0000046677223591 0.0000045626434049 0.0000044587236509 0.0000043559922711 0.0000042544768179 0.00000415420323 0.0000040551958428 0.0000039574773993 0.0000038610690646 0.0000037659904407 0.0000036722595839 0.0000035798930233 0.0000034889057818 0.0000033993113969 0.0000033111219452 0.0000032243480658 0.0000031389989872 0.0000030550825539 0.0000029726052549 0.0000028915722527
0.0000076412200748 0.000007515819508 0.0000073904773858 0.0000072652599732 0.0000071402323208 0.0000070154582157 0.0000068910001353 0.0000067669192025 0.0000066432751446 0.0000065201262545 0.000006397529354 0.0000062755397604 0.0000061542112558 0.000006033596058 0.0000059137447957 0.0000057947064846 0.0000056765285075 0.0000055592565961 0.0000054429348159 0.0000053276055534 0.0000052133095056 0.0000051000856726 0.0000049879713522 0.0000048770021368 0.0000047672119126 0.0000046586328621 0.000004551295467 0.0000044452285152 0.0000043404591085 0.0000042370126732 0.0000041349129721 0.0000040341821192 0.0000039348405954 0.0000038369072664 0.0000037403994028 0.0000036453327006 0.0000035517213045 0.0000034595778325 0.0000033689134008 0.0000032797376515 0.000003192058781 0.0000031058835691 0.0000030212174098
0.0000079816587227 0.0000078506711948 0.0000077197447154 0.0000075889485017 0.0000074583505026 0.0000073280173471 0.0000071980142961 0.0000070684051957 0.0000069392524343 0.0000068106169019 0.0000066825579518 0.0000065551333659 0.0000064283993224 0.0000063024103657 0.00000617721938 0.0000060528775648 0.000005929434414 0.0000058069376969 0.000005685433442 0.0000055649659243 0.0000054455776541 0.0000053273093691 0.0000052102000286 0.0000050942868108 0.0000049796051119 0.0000048661885478 0.0000047540689587 0.0000046432764147 0.0000045338392253 0.0000044257839494 0.0000043191354088 0.0000042139167025 0.000004110149224 0.0000040078526795 0.0000039070451089 0.0000038077429078 0.000003709960851 0.0000036137121184 0.0000035190083217 0.0000034258595327 0.0000033342743127 0.0000032442597436 0.0000031558214599
0.0000083350098477 0.0000081982234512 0.0000080615008058 0.0000079249141931 0.0000077885345699 0.0000076524315151 0.0000075166731786 0.0000073813262331 0.000007246455829 0.0000071121255516 0.0000069783973821 0.0000068453316605 0.0000067129870518 0.0000065814205151 0.0000064506872759 0.0000063208408004 0.0000061919327735 0.0000060640130792 0.0000059371297839 0.0000058113291225 0.0000056866554873 0.0000055631514195 0.0000054408576031 0.0000053198128622 0.0000052000541601 0.0000050816166008 0.0000049645334339 0.0000048488360611 0.0000047345540449 0.0000046217151201 0.0000045103452073 0.0000044004684281 0.000004292107123 0.0000041852818709 0.0000040800115101 0.000003976313162 0.0000038742022557 0.0000037736925544 0.0000036747961839 0.0000035775236619 0.0000034818839287 0.0000033878843798 0.000003295530899
0.0000087016497107 0.0000085588463632 0.0000084161095711 0.0000082735147955 0.0000081311361144 0.0000079890461674 0.0000078473161022 0.0000077060155242 0.0000075652124496 0.0000074249732609 0.0000072853626655 0.0000071464436577 0.0000070082774831 0.0000068709236063 0.000006734439682 0.0000065988815283 0.0000064643031036 0.0000063307564863 0.0000061982918569 0.0000060669574843 0.0000059367997135 0.0000058078629569 0.0000056801896882 0.0000055538204393 0.0000054287937992 0.0000053051464164 0.0000051829130029 0.0000050621263417 0.0000049428172957 0.0000048250148197 0.0000047087459745 0.0000045940359428 0.0000044809080478 0.0000043693837736 0.0000042594827871 0.0000041512229629 0.0000040446204087 0.0000039396894934 0.0000038364428759 0.0000037348915366 0.0000036350448091 0.0000035369104143 0.0000034404944946
0.0000090819601566 0.0000089329155092 0.0000087839403262 0.0000086351133664 0.0000084865119459 0.0000083382118787 0.000008190287422 0.0000080428112236 0.0000078958542722 0.0000077494858517 0.0000076037734975 0.0000074587829571 0.0000073145781528 0.0000071712211484 0.0000070287721182 0.0000068872893199 0.0000067468290702 0.0000066074457236 0.0000064691916539 0.0000063321172394 0.0000061962708507 0.0000060616988414 0.0000059284455414 0.000005796553254 0.000005666062255 0.0000055370107945 0.0000054094351017 0.0000052833693922 0.0000051588458779 0.0000050358947791 0.0000049145443393 0.0000047948208418 0.0000046767486291 0.0000045603501243 0.0000044456458541 0.000004332654474 0.0000042213927958 0.0000041118758164 0.000004004116748 0.0000038981270509 0.0000037939164666 0.0000036914930533 0.0000035908632222
0.0000094763284377 0.0000093208117864 0.0000091653676159 0.000009010078105 0.0000088550239269 0.0000087002841879 0.0000085459363697 0.0000083920562745 0.0000082387179738 0.0000080859937599 0.0000079339541008 0.0000077826675991 0.0000076322009527 0.0000074826189204 0.0000073339842894 0.0000071863578474 0.0000070397983563 0.0000068943625309 0.0000067501050193 0.0000066070783875 0.0000064653331063 0.0000063249175421 0.00000618587795 0.0000060482584701 0.000005912101127 0.0000057774458319 0.000005644330387 0.000005512790494 0.0000053828597632 0.0000052545697274 0.0000051279498564 0.0000050030275748 0.0000048798282822 0.0000047583753754 0.0000046386902722 0.0000045207924385 0.000004404699416 0.0000042904268527 0.0000041779885347 0.0000040673964198 0.0000039586606727 0.0000038517897013 0.0000037467901953
0.0000098851470222 0.0000097229212222 0.0000095607710298 0.0000093987821692 0.0000092370387939 0.0000090756234229 0.0000089146168806 0.0000087540982394 0.0000085941447662 0.0000084348318721 0.0000082762330654 0.0000081184199079 0.0000079614619751 0.0000078054268196 0.0000076503799374 0.0000074963847383 0.0000073435025196 0.0000071917924427 0.0000070413115132 0.0000068921145649 0.0000067442542461 0.0000065977810096 0.000006452743106 0.0000063091865798 0.0000061671552685 0.000006026690805 0.0000058878326226 0.0000057506179628 0.0000056150818863 0.0000054812572861 0.0000053491749031 0.0000052188633454 0.0000050903491083 0.0000049636565978 0.0000048388081558 0.0000047158240879 0.0000045947226927 0.0000044755202931 0.0000043582312701 0.0000042428680973 0.0000041294413778 0.0000040179598825 0.0000039084305895
0.0000103088133868 0.0000101396347701 0.0000099705350014 0.0000098016034791 0.0000096329279633 0.0000094645945098 0.0000092966874069 0.0000091292891159 0.0000089624802155 0.0000087963393486 0.0000086309431741 0.0000084663663208 0.0000083026813463 0.0000081399586983 0.0000079782666798 0.0000078176714184 0.0000076582368386 0.0000075000246371 0.000007343094263 0.0000071875029001 0.0000070333054531 0.0000068805545372 0.000006729300471 0.0000065795912724 0.0000064314726577 0.0000062849880441 0.000006140178555 0.0000059970830281 0.0000058557380267 0.0000057161778535 0.0000055784345671 0.0000054425380015 0.0000053085157877 0.0000051763933776 0.0000050461940708 0.0000049179390431 0.0000047916473772 0.0000046673360959 0.0000045450201963 0.0000044247126867 0.0000043064246247 0.000004190165157 0.0000040759415608
0.0000107477297933 0.0000105713480905 0.0000103950485928 0.0000102189245049 0.0000100430673234 0.0000098675667681 0.0000096925107161 0.0000095179851396 0.0000093440740481 0.0000091708594328 0.0000089984212165 0.0000088268372055 0.0000086561830467 0.0000084865321871 0.000008317955838 0.0000081505229424 0.0000079843001465 0.0000078193517739 0.0000076557398048 0.0000074935238577 0.0000073327611751 0.0000071735066122 0.0000070158126301 0.0000068597292911 0.000006705304258 0.0000065525827966 0.0000064016077812 0.000006252419703 0.0000061050566821 0.0000059595544816 0.0000058159465253 0.0000056742639172 0.0000055345354648 0.0000053967877038 0.0000052610449256 0.0000051273292077 0.0000049956604454 0.0000048660563861 0.0000047385326654 0.0000046131028457 0.0000044897784551 0.0000043685690299 0.0000042494821571
0.0000112023030496 0.0000110184613151 0.0000108347052627 0.0000106511320388 0.0000104678370102 0.0000102849136911 0.0000101024536755 0.0000099205465719 0.0000097392799427 0.0000095587392471 0.0000093790077881 0.0000092001666629 0.0000090222947178 0.0000088454685063 0.0000086697622515 0.0000084952478124 0.0000083219946538 0.0000081500698201 0.0000079795379129 0.0000078104610721 0.0000076428989613 0.000007476908756 0.0000073125451359 0.0000071498602808 0.0000069889038693 0.0000068297230818 0.0000066723626058 0.0000065168646453 0.0000063632689325 0.0000062116127432 0.0000060619309147 0.0000059142558668 0.0000057686176252 0.0000056250438479 0.0000054835598538 0.0000053441886542 0.0000052069509858 0.0000050718653466 0.0000049389480337 0.0000048082131827 0.0000046796728097 0.0000045533368542 0.000004429213224
0.0000116729442539 0.0000114813787955 0.0000112899026189 0.0000110986169521 0.0000109076211683 0.0000107170127107 0.0000105268870213 0.0000103373374732 0.0000101484553078 0.0000099603295745 0.0000097730470763 0.0000095866923173 0.0000094013474565 0.0000092170922636 0.00000903400408 0.0000088521577837 0.000008671625758 0.000008492477864 0.0000083147814173 0.0000081386011687 0.0000079639992882 0.0000077910353535 0.0000076197663416 0.0000074502466243 0.0000072825279677 0.0000071166595342 0.0000069526878887 0.0000067906570084 0.0000066306082947 0.0000064725805896 0.0000063166101939 0.0000061627308894 0.0000060109739633 0.0000058613682357 0.0000057139400892 0.0000055687135017 0.0000054257100813 0.000005284949103 0.0000051464475487 0.0000050102201479 0.0000048762794215 0.0000047446357264 0.000004615297303
0.0000121600685213 0.0000119605088345 0.0000117610421552 0.0000115617739359 0.0000113628076967 0.0000111642449473 0.0000109661851124 0.000010768725462 0.0000105719610446 0.0000103759846263 0.0000101808866319 0.0000099867550925 0.0000097936755953 0.0000096017312389 0.0000094110025924 0.0000092215676586 0.0000090335018412 0.0000088468779167 0.00000866176601 0.0000084782335739 0.0000082963453729 0.0000081161634708 0.0000079377472225 0.0000077611532688 0.0000075864355359 0.0000074136452378 0.0000072428308827 0.000007074038283 0.0000069073105678 0.0000067426881999 0.0000065802089952 0.0000064199081452 0.0000062618182426 0.0000061059693103 0.0000059523888318 0.0000058011017858 0.0000056521306819 0.0000055054955997 0.0000053612142295 0.0000052193019157 0.0000050797717015 0.0000049426343764 0.0000048078985241
0.0000126640946952 0.0000124562634015 0.0000122485289706 0.0000120410012256 0.0000118337879776 0.0000116269949437 0.0000114207256699 0.0000112150814576 0.0000110101612954 0.0000108060617942 0.000010602877127 0.0000104006989736 0.0000101996164689 0.0000099997161557 0.0000098010819428 0.0000096037950659 0.0000094079340544 0.0000092135747013 0.000009020790038 0.0000088296503132 0.0000086402229759 0.0000084525726624 0.0000082667611878 0.0000080828475405 0.0000079008878821 0.0000077209355492 0.0000075430410609 0.0000073672521282 0.0000071936136681 0.0000070221678204 0.0000068529539684 0.0000066860087624 0.000006521366146 0.0000063590573865 0.0000061991111067 0.0000060415533204 0.0000058864074704 0.0000057336944685 0.0000055834327384 0.0000054356382603 0.0000052903246183 0.0000051475030487 0.0000050071824914
0.0000131854450393 0.0000129690578308 0.0000127527714725 0.000012536700309 0.0000123209565896 0.0000121056503835 0.0000118908894993 0.000011676779409 0.0000114634231762 0.000011250921389 0.0000110393720974 0.0000108288707553 0.0000106195101671 0.0000104113804384 0.0000102045689323 0.0000099991602288 0.0000097952360902 0.0000095928754296 0.000009392154285 0.0000091931457971 0.0000089959201915 0.0000088005447656 0.0000086070838791 0.000008415598949 0.0000082261484487 0.0000080387879108 0.0000078535699339 0.0000076705441933 0.000007489757455 0.0000073112535938 0.0000071350736142 0.0000069612556753 0.0000067898351181 0.000006620844497 0.0000064543136132 0.0000062902695515 0.0000061287367197 0.0000059697368906 0.0000058132892461 0.0000056594104245 0.000005508114569 0.0000053594133787 0.0000052133161613
0.000013724544914 0.0000134993105019 0.0000132741810634 0.0000130492756181 0.0000128247110047 0.0000126006017928 0.0000123770601989 0.0000121541960072 0.0000119321164952 0.0000117109263637 0.0000114907276714 0.0000112716197752 0.0000110536992736 0.0000108370599565 0.0000106217927588 0.0000104079857186 0.0000101957239412 0.0000099850895662 0.0000097761617404 0.000009569016595 0.0000093637272267 0.0000091603636846 0.0000089589929597 0.0000087596789801 0.00000856248261 0.0000083674616524 0.0000081746708565 0.0000079841619287 0.000007795983547 0.0000076101813801 0.0000074267981089 0.0000072458734527 0.0000070674441977 0.000006891544229 0.0000067182045664 0.0000065474534021 0.0000063793161418 0.0000062138154484 0.0000060509712883 0.0000058908009799 0.0000057333192447 0.0000055785382601 0.0000054264677145
