Min:     -758.000061035
Q1:      -16.2999
Q3:      17.75
Max:     799.199975967
Mild:    -67.37475	68.82485
Extreme: -118.4496	119.8997
