Min:     -637.349975586
Q1:      -25.6917
Q3:      31.6399
Max:     616.949981689
Mild:    -111.6891	117.6373
Extreme: -197.6865	203.6347
