Min:     -1269.70005035
Q1:      -87.3
Q3:      84.3
Max:     1100.39996338
Mild:    -344.7	341.7
Extreme: -602.1	599.1
