Min:     -649.800003052
Q1:      -22.5
Q3:      27.8
Max:     709.000015259
Mild:    -97.95	103.25
Extreme: -173.4	178.7
