Min:     -683.199981689
Q1:      -42.5
Q3:      49.2522
Max:     565.199981689
Mild:    -180.1283	186.8805
Extreme: -317.7566	324.5088
