Min:     -891.500022888
Q1:      -17.7
Q3:      12.2
Max:     839.400024414
Mild:    -62.55	57.05
Extreme: -107.4	101.9
