Min:     -1222.55001831
Q1:      -62.3
Q3:      56.35
Max:     841.400054932
Mild:    -240.275	234.325
Extreme: -418.25	412.3
