Min:     -1197.30001831
Q1:      -56.5001
Q3:      49.5
Max:     834.949951172
Mild:    -215.50025	208.50015
Extreme: -374.5004	367.5003
