Min:     -826.100024223
Q1:      -7.5074
Q3:      7.75249
Max:     714.800022125
Mild:    -30.397235	30.642325
Extreme: -53.28707	53.53216
