Min:     -500.625999756
Q1:      -38.652
Q3:      43.144
Max:     954.962005363
Mild:    -161.346	165.838
Extreme: -284.04	288.532
