Min:     -529.979987793
Q1:      -33.114
Q3:      36.612
Max:     979.805996094
Mild:    -137.703	141.201
Extreme: -242.292	245.79
